   3.8571430000000002
   3.8571430000000002
   3.8571430000000002
   3.8571475702626699
   3.8571367614409113
   3.8571255726078064
   3.8571622218246437
   3.8571735622241499
   3.8571334719096644
   3.8570684588815221
   3.8570815262046949
   3.8572893194123323
   3.8576337145505533
   3.8577923836378210
   3.8577612605680573
   3.8576824581714719
   3.8574683855234162
   3.8573356762090594
   3.8572519067159328
   3.8572058652155623
   3.8571703839873930
   3.8571498017996038
   3.8571916311122063
   3.8571116081725116
   3.8571574080473097
   3.8571565305248243
   3.8571689228128019
   3.8571038663011148
   3.8571193237757151
   3.8572601791584189
   3.8571280460822783
   3.8570672212886672
   3.8571002279505828
   3.8573590872642418
   3.8572869054172241
   3.8569063739017846
   3.8570595517617199
   3.8572255048937518
   3.8575510542882845
   3.8574474741134170
   3.8570418194812937
   3.8549955695035916
   3.8521657603397079
   3.8520851910777809
   3.8502071248847245
   3.8416365600906945
   3.8310836713331198
   3.8147466172166582
   3.7640062208842990
   3.7114438147459965
   3.7630883678450600
   3.9439514713252195
   4.0555285580568450
   4.0690209993353825
   4.0525244929437889
   4.0238983694499817
   3.9947050052510931
   3.9648211540923124
   3.9344662971929703
   3.9044723085705582
   3.8742583158363781
   3.8419570507663292
   3.8098686029721645
   3.7862203152454161
   3.7601983010241757
   3.7162124656889399
   3.6704068903140818
   3.6593117044543906
   3.6595755356396009
   3.6289893053023690
   3.6666371988233681
   3.8813889056419364
   4.0463983386292721
   4.0783556023623593
   4.0689369728236864
   4.0459496064294092
   4.0169962997704474
   3.9852182899682713
   3.9514699351245066
   3.9167778684163204
   3.8816854567760011
   3.8466855476033213
   3.8115095848613891
   3.7785166085498179
   3.7438636482267618
   3.7005244263509711
   3.6571115825195672
   3.6419615635479472
   3.6442002373394362
   3.6276701683018113
   3.6621174250117181
   3.8609611690929961
   4.0301291555389254
   4.0733566705038768
   4.0736049910550856
   4.0642137667389644
   4.0415527632914845
   4.0091437436683943
   3.9719099550791341
   3.9323689016196486
   3.8910230388935041
   3.8499565776635012
   3.8090442190888960
   3.7670063169817709
   3.7222405780474168
   3.6758410562672950
   3.6395139024383023
   3.6263094559034190
   3.6241861129074322
   3.6240846222584269
   3.6858366868766375
   3.8449539456200861
   3.9780807768581372
   4.0373264675745819
   4.0505113290735899
   4.0497000533775527
   4.0503222968359358
   4.0515629424041215
   4.0308128382532002
   3.9867862297106416
   3.9238517853021908
   3.8540848835102799
   3.7992349539869341
   3.7577202777866345
   3.7235824131012545
   3.6849820280502690
   3.6509633233187286
   3.6147948547311848
   3.5911163529493653
   3.6266783517581085
   3.7487669504195962
   3.9077635109085911
   4.0276062557098458
   4.0628783811127196
   4.0020128990398547
   3.9661243113393372
   4.0273962195128679
   4.1620335350301803
   4.1908256033030069
   4.0788439141883019
   3.8417772045225815
   3.6510476593528995
   3.6034932611142008
   3.8001582306693198
   4.0202171226787398
   3.9233642938700899
   3.6252600519013352
   3.4451399620443484
   3.2097999588708324
   2.0745403778689715
  0.98253001182426691
  0.90125005933467406
   1.0190843592618570
   1.0744156980950130
   1.1177589931123109
   1.1563937721330504
   1.1818843717632184
   1.1921663437930403
   1.1945759517367511
   1.1896988774721780
   1.1723821388606430
   1.1391358936502896
   1.0973058464422374
   1.0506529211244715
   1.0009385418299053
  0.95111650261897163
  0.90432994155540625
  0.86230094431705362
  0.82834946418187438
  0.81057369932326406
  0.80551672728736945
  0.80771056523604523
  0.81737751723602081
  0.84226986120905101
  0.88096415228626335
  0.92535055762538920
  0.97390452656238846
   1.0240581889156490
   1.0726934053822621
   1.1173501811316324
   1.1561564089406742
   1.1817635251312459
   1.1921505547938718
   1.1945990610039310
   1.1897655115499959
   1.1725514931921430
   1.1394053974477469
   1.0976203242745490
   1.0509971802195475
   1.0012943191644763
  0.95146226638720188
  0.90464553815450821
  0.86256564805640623
  0.82850977088416800
  0.81065186654955168
  0.80556172570974971
  0.80771023714029344
  0.81725618399549105
  0.84200571005013891
  0.88066204779534463
  0.92502049814075704
  0.97352964998044544
   1.0236475614658980
   1.0722804462074327