3.857143
3.857143
3.857143
3.857148
3.857137
3.857126
3.857162
3.857174
3.857133
3.857068
3.857082
3.857289
3.857634
3.857792
3.857761
3.857682
3.857468
3.857336
3.857252
3.857206
3.857170
3.857150
3.857192
3.857112
3.857157
3.857157
3.857169
3.857104
3.857119
3.857260
3.857128
3.857067
3.857100
3.857359
3.857287
3.856906
3.857060
3.857226
3.857551
3.857447
3.857042
3.854996
3.852166
3.852085
3.850207
3.841637
3.831084
3.814747
3.764006
3.711444
3.763088
3.943952
4.055529
4.069021
4.052524
4.023898
3.994705
3.964821
3.934466
3.904472
3.874258
3.841957
3.809869
3.786220
3.760198
3.716212
3.670407
3.659312
3.659576
3.628989
3.666637
3.881389
4.046398
4.078356
4.068937
4.045950
4.016996
3.985218
3.951470
3.916778
3.881685
3.846686
3.811510
3.778517
3.743864
3.700524
3.657112
3.641962
3.644200
3.627670
3.662117
3.860961
4.030129
4.073357
4.073605
4.064214
4.041553
4.009144
3.971910
3.932369
3.891023
3.849957
3.809044
3.767006
3.722241
3.675841
3.639514
3.626309
3.624186
3.624085
3.685837
3.844954
3.978081
4.037326
4.050511
4.049700
4.050322
4.051563
4.030813
3.986786
3.923852
3.854085
3.799235
3.757720
3.723582
3.684982
3.650963
3.614795
3.591116
3.626678
3.748767
3.907763
4.027606
4.062878
4.002013
3.966124
4.027396
4.162033
4.190826
4.078844
3.841778
3.651048
3.603493
3.800157
4.020217
3.923365
3.625261
3.445140
3.209802
2.074547
0.982532
0.901250
1.019084
1.074416
1.117759
1.156394
1.181884
1.192166
1.194576
1.189699
1.172382
1.139136
1.097306
1.050653
1.000939
0.951117
0.904330
0.862301
0.828349
0.810574
0.805517
0.807711
0.817378
0.842270
0.880964
0.925351
0.973905
1.024058
1.072693
1.117350
1.156156
1.181764
1.192151
1.194599
1.189766
1.172551
1.139405
1.097620
1.050997
1.001294
0.951462
0.904646
0.862566
0.828510
0.810652
0.805562
0.807710
0.817256
0.842006
0.880662
0.925020
0.973530
1.023648
1.072280
