3.8571430000
3.8571430000
3.8571430000
3.8571475703
3.8571367614
3.8571255726
3.8571622218
3.8571735622
3.8571334719
3.8570684589
3.8570815262
3.8572893194
3.8576337145
3.8577923836
3.8577612605
3.8576824581
3.8574683855
3.8573356762
3.8572519067
3.8572058652
3.8571703840
3.8571498018
3.8571916311
3.8571116082
3.8571574081
3.8571565305
3.8571689228
3.8571038663
3.8571193238
3.8572601791
3.8571280461
3.8570672213
3.8571002279
3.8573590873
3.8572869054
3.8569063739
3.8570595518
3.8572255048
3.8575510543
3.8574474740
3.8570418196
3.8549955694
3.8521657607
3.8520851919
3.8502071252
3.8416365605
3.8310836750
3.8147466223
3.7640062197
3.7114438260
3.7630884167
3.9439515307
4.0555285825
4.0690210076
4.0525244964
4.0238983713
3.9947050080
3.9648211579
3.9344663026
3.9044723155
3.8742583235
3.8419570584
3.8098686114
3.7862203255
3.7601983117
3.7162124758
3.6704069029
3.6593117216
3.6595755502
3.6289893158
3.6666372281
3.8813889490
4.0463983607
4.0783556125
4.0689369796
4.0459496104
4.0169963035
3.9852182954
3.9514699433
3.9167778788
3.8816854676
3.8466855592
3.8115095965
3.7785166216
3.7438636636
3.7005244432
3.6571115994
3.6419615796
3.6442002531
3.6276701817
3.6621174360
3.8609611829
4.0301291704
4.0733566840
4.0736050033
4.0642137788
4.0415527722
4.0091437526
3.9719099635
3.9323689133
3.8910230540
3.8499565931
3.8090442362
3.7670063355
3.7222405979
3.6758410768
3.6395139211
3.6263094718
3.6241861257
3.6240846290
3.6858366901
3.8449539600
3.9780807880
4.0373264544
4.0505112971
4.0497000118
4.0503222092
4.0515628104
4.0308127313
3.9867861566
3.9238517401
3.8540848131
3.7992348450
3.7577201351
3.7235822846
3.6849819366
3.6509632776
3.6147948489
3.5911162907
3.6266781832
3.7487666582
3.9077632338
4.0276061085
4.0628784438
4.0020130331
3.9661241902
4.0273957694
4.1620330736
4.1908255223
4.0788441647
3.8417776170
3.6510478508
3.6034928640
3.8001569471
4.0202166388
3.9233651658
3.6252608216
3.4451396981
3.2098023015
2.0745474095
0.9825323058
0.9012497415
1.0190842180
1.0744157065
1.1177589951
1.1563937722
1.1818843717
1.1921663437
1.1945759516
1.1896988774
1.1723821389
1.1391358937
1.0973058465
1.0506529211
1.0009385418
0.9511165026
0.9043299416
0.8623009442
0.8283494641
0.8105736994
0.8055167274
0.8077105653
0.8173775173
0.8422698611
0.8809641523
0.9253505576
0.9739045266
1.0240581889
1.0726934054
1.1173501812
1.1561564090
1.1817635251
1.1921505547
1.1945990609
1.1897655115
1.1725514933
1.1394053975
1.0976203243
1.0509971802
1.0012943192
0.9514622664
0.9046455382
0.8625656480
0.8285097708
0.8106518666
0.8055617258
0.8077102372
0.8172561840
0.8420057100
0.8806620478
0.9250204981
0.9735296500
1.0236475615
1.0722804462