2.629369
2.629369
2.629369
2.629366
2.629373
2.629376
2.629360
2.629353
2.629376
2.629406
2.629402
2.629297
2.629121
2.629047
2.629051
2.629106
2.629195
2.629280
2.629311
2.629336
2.629361
2.629358
2.629357
2.629370
2.629378
2.629350
2.629364
2.629384
2.629380
2.629318
2.629357
2.629429
2.629375
2.629262
2.629307
2.629469
2.629442
2.629289
2.629195
2.629218
2.629377
2.630518
2.631784
2.632012
2.632731
2.637275
2.642442
2.650694
2.676742
2.703420
2.677270
2.586067
2.531557
2.525071
2.533040
2.546847
2.561138
2.575690
2.590679
2.605591
2.620538
2.636929
2.652933
2.665207
2.678245
2.701071
2.724906
2.730428
2.730800
2.746124
2.727144
2.616894
2.535668
2.520312
2.524839
2.535943
2.549991
2.565533
2.582095
2.599339
2.616806
2.634531
2.652261
2.669201
2.686807
2.709280
2.731923
2.739565
2.738784
2.746808
2.729348
2.627067
2.543445
2.522624
2.522521
2.527056
2.538014
2.553756
2.571967
2.591446
2.611985
2.632562
2.653187
2.674565
2.697435
2.721453
2.740389
2.746911
2.747468
2.746975
2.713904
2.629724
2.560752
2.530496
2.523297
2.523318
2.527385
2.539476
2.558711
2.580417
2.604104
2.629395
2.655089
2.682380
2.710877
2.735735
2.750050
2.753767
2.751833
2.732035
2.684592
2.630415
2.583451
2.550657
2.530262
2.521870
2.523194
2.528479
2.539980
2.563986
2.600385
2.628769
2.645106
2.695204
2.756273
2.733714
2.681633
2.791148
2.753065
1.922498
0.064570
-0.154207
-0.005365
0.001508
0.000121
-0.000017
-0.000002
0.000000
0.000000
-0.000000
-0.000000
0.000000
0.000000
-0.000000
-0.000000
0.000000
0.000000
0.000000
0.000000
-0.000000
-0.000000
0.000000
-0.000000
0.000000
-0.000000
0.000000
-0.000000
0.000000
-0.000000
-0.000000
0.000000
-0.000000
0.000000
-0.000000
-0.000000
-0.000000
-0.000000
-0.000000
-0.000000
-0.000000
-0.000000
-0.000000
-0.000000
-0.000000
-0.000000
-0.000000
0.000000
-0.000000
0.000000
-0.000000
0.000000
0.000000
0.000000
0.000000
